20
u120_00
 obj=   49 	 1
114 55 
67 94 
43 24 
69 41 
103 62 
100 93 
4 56 
73 42 
17 3 
74 106 
68 110 
5 26 
89 97 
16 54 
20 37 
77 92 
53 115 
71 66 
91 52 
105 28 
15 13 
83 111 
112 18 60 
48 2 
22 35 
78 64 27 
81 1 
44 101 
109 31 
79 86 
11 25 
95 80 
85 104 
107 8 63 
61 99 57 
82 96 
39 30 
76 70 
23 29 
14 117 90 
75 118 116 
0 33 88 87 
9 84 40 108 
65 119 51 49 
6 19 47 50 
72 98 59 7 
21 32 10 102 
45 58 36 38 34 
12 46 113 
u120_01
 obj=   50 	 1
82 42 
115 32 
38 8 
110 117 
102 111 
51 58 
80 26 
44 81 
46 97 
0 34 
66 91 
27 43 
53 74 
76 85 
36 84 
35 70 
62 55 
15 45 
103 11 
13 89 
116 94 
83 93 
24 107 
25 31 
5 86 
2 73 
52 56 
64 99 
68 78 
101 12 
98 109 
54 114 
79 22 
92 49 
4 30 
105 69 
75 29 
3 47 87 
72 10 95 
106 1 28 
33 59 71 
57 21 7 
17 18 113 
20 90 112 
119 67 19 65 
61 9 16 60 
14 108 50 96 
63 37 100 118 41 
23 6 48 40 104 88 
39 77 
u120_02
 obj=   47 	 1
1 112 
116 73 
105 72 
106 45 
37 93 
42 27 
58 44 
8 33 
54 26 
110 66 
111 20 
98 96 
89 24 
47 40 
23 38 
22 56 
31 12 
13 64 
10 30 
34 101 
49 15 
70 46 
52 5 
43 18 
102 55 
60 81 
99 100 
86 51 
94 74 
78 92 
62 50 
29 32 
109 95 
16 48 21 
104 90 88 
25 2 35 
76 117 59 
82 69 97 
3 85 83 6 
67 0 65 17 
77 28 41 107 
53 39 11 103 
71 14 91 115 
108 9 57 36 7 
80 118 68 84 63 
61 19 113 119 75 
114 79 87 4 
u120_03
 obj=   50 	 1
93 34 
9 49 
50 107 
111 100 
23 30 
77 13 
90 18 
58 117 
39 98 
27 83 
15 44 
5 28 
65 69 
36 8 
4 85 
76 114 
74 94 
51 63 
112 97 
16 80 
56 115 
33 82 
6 48 
37 78 
52 26 
67 7 
96 10 
42 11 
20 88 24 
95 75 89 
2 46 
3 57 
41 102 35 
12 38 
113 43 109 
17 73 104 
72 14 19 
101 105 
84 118 
71 116 
92 87 
86 45 
25 99 
61 29 91 
31 62 21 79 
119 81 108 59 
68 103 40 66 
60 47 64 106 
110 0 53 32 1 
55 70 54 22 
u120_04
 obj=   51 	 1
35 74 
98 28 
1 86 
93 100 
45 62 
16 48 
15 51 
33 44 
56 94 
71 37 
113 8 
92 85 
43 107 
99 27 
10 117 
47 79 
17 118 
78 26 
80 112 
57 84 
73 49 
32 103 
19 111 69 
24 36 68 
88 53 
110 106 
11 0 97 
46 61 3 
114 108 
70 23 
20 50 
54 102 
6 4 
72 5 
91 67 
14 82 
7 55 
65 77 
30 116 
29 104 
22 60 
66 83 
119 105 
90 42 
87 40 21 
75 81 41 109 
95 52 39 25 
31 12 115 96 
89 38 76 18 13 
2 9 64 34 101 58 
59 63 
u120_05
 obj=   49 	 1
87 82 
34 101 
56 8 
44 89 
75 19 
47 98 
81 18 
88 6 
100 66 
112 68 
105 52 
115 79 
73 103 
114 46 
108 48 
45 110 
13 67 
60 33 
21 26 
83 35 
10 24 
22 31 
57 58 
118 61 
7 15 
11 27 
23 102 
107 2 
43 4 
116 38 
77 53 
36 104 84 
5 80 
95 50 
16 96 1 
91 74 0 
14 63 76 
28 113 69 
90 119 99 
3 94 
86 29 
93 12 20 
62 64 78 111 
25 109 51 59 
72 39 42 30 
17 70 54 37 
49 41 40 85 
71 65 97 117 106 
92 9 32 55 
u120_06
 obj=   49 	 1
116 114 
8 113 
84 29 
93 98 
2 40 
18 15 
46 91 
70 101 
92 115 
62 111 
5 32 
61 37 
19 47 
28 68 
34 38 
100 25 
45 31 
4 72 
16 17 
59 36 
27 9 
22 48 
3 56 
81 75 
108 77 
0 13 
58 55 
119 65 
88 14 
67 33 
103 117 
20 44 
21 112 
82 106 
73 54 
76 83 
102 74 
26 96 
110 97 52 
107 35 10 
23 50 118 
66 53 71 
42 51 87 94 
24 60 79 95 
30 1 109 63 
7 104 90 89 
43 69 85 6 57 
105 49 86 11 99 
80 39 64 78 41 12 
u120_07
 obj=   50 	 1
60 50 
39 87 
32 97 
19 6 
62 119 
46 69 
1 4 
30 27 
13 83 
42 57 
116 16 
71 86 
76 102 
10 105 
2 65 
49 70 
84 25 
21 58 
9 90 
35 94 
17 80 
55 51 
48 108 
20 26 
110 113 
111 7 
29 59 
28 73 
24 72 
37 89 
5 8 
61 34 
98 101 
44 78 
40 104 
41 74 77 
23 75 66 
45 0 95 
81 96 92 
67 93 82 
15 52 47 
12 38 115 
14 114 33 
85 107 68 
64 36 106 
22 53 100 109 
91 43 112 99 
79 3 63 56 
11 31 54 18 
88 118 103 117 
u120_08
 obj=   51 	 1
0 42 
36 49 
17 84 
46 3 
19 62 
66 68 
23 93 
6 85 
61 111 
52 10 
4 44 
94 117 
34 35 
75 81 
22 80 
54 91 
83 78 
26 79 
92 39 
65 5 
74 89 
98 103 
33 107 
112 71 
115 119 
102 108 
24 28 
21 110 
116 14 
106 45 
95 86 
73 48 
55 30 
99 100 
18 13 
11 58 
8 20 
43 63 
67 96 
105 40 
60 101 
97 25 
56 47 
57 113 69 
82 70 87 59 
118 38 109 7 
41 50 90 77 
37 72 29 51 
32 88 104 27 1 
64 114 53 16 76 
2 31 9 15 12 
u120_09
 obj=   47 	 1
83 87 
47 89 
113 91 
33 101 
22 1 
110 81 
106 18 
99 98 
76 117 
10 31 
0 56 
39 103 
85 12 
118 100 
45 55 
74 2 
78 21 
86 16 
4 77 
25 109 
24 92 
40 115 
107 112 
60 58 
67 104 
43 23 
52 82 
63 105 
35 97 
8 70 
90 73 
36 57 
26 46 
9 50 
64 30 
13 61 
72 66 80 
32 71 7 
29 116 44 20 
96 28 14 111 
51 68 41 93 
53 48 19 11 
3 108 59 15 
79 49 37 42 34 
75 88 69 102 62 
94 95 54 119 17 27 
38 6 5 84 114 65 
u120_10
 obj=   53 	 1
81 84 
78 25 
18 34 
107 64 
63 11 
118 26 
86 117 
109 22 
8 67 
74 65 
42 97 
98 95 
89 7 
72 99 
27 54 
47 50 
40 39 
91 83 
114 10 
37 36 
4 17 
49 28 
105 38 
71 30 
21 102 
45 32 
6 52 
82 35 
79 56 
20 110 
68 12 
70 2 
73 93 
94 101 
19 113 
88 14 
3 33 
77 31 
103 112 
9 15 
69 53 
104 80 
60 55 61 
90 85 
23 43 
24 100 76 
48 5 96 
87 108 13 41 
111 44 106 92 
115 116 75 1 
59 46 16 0 
119 66 51 57 29 
62 58 
u120_11
 obj=   50 	 1
23 29 
64 38 
77 43 
85 72 
71 53 
8 67 
46 78 
100 68 
14 99 
57 59 
4 83 
19 101 
16 111 
82 55 
62 86 
40 41 
36 109 
112 56 
17 6 
60 58 
65 42 
30 94 
7 87 
61 95 
15 70 
66 35 
106 11 
9 80 
28 81 
10 119 
104 63 
118 26 
107 115 
75 39 
102 33 
113 12 
1 89 
34 114 
0 76 90 
45 108 51 
88 50 
105 31 110 
98 48 3 
52 27 32 
18 84 22 47 
97 79 5 37 
96 25 21 2 
44 54 13 117 91 
24 116 69 74 92 103 
20 93 49 73 
u120_12
 obj=   50 	 2
24 72 
71 119 
108 32 
98 113 
106 74 
6 39 
84 20 
93 112 
0 82 
107 16 
4 97 
77 12 
25 2 
57 45 
62 87 
10 63 
114 46 
110 58 
42 5 
38 48 
117 92 
22 65 
76 29 
23 35 
34 85 
80 68 
44 81 
118 115 
116 51 
69 21 
3 60 
17 15 
86 104 
78 102 
90 36 
83 41 
99 96 
75 18 79 
59 14 28 
8 91 64 
1 9 52 
19 95 55 
27 67 70 
61 53 50 37 
105 47 40 94 
7 13 49 109 
88 26 11 111 
31 100 30 73 103 
54 56 33 43 101 89 
66 
u120_13
 obj=   50 	 1
16 110 
101 24 
20 58 
13 7 
31 43 
15 108 
82 59 
21 109 
28 40 
27 85 
5 23 
60 8 
70 14 
98 94 
91 52 
88 93 
76 56 
37 115 
67 97 
65 92 
61 96 
17 53 
117 89 
3 103 
72 46 
39 112 
106 78 
48 79 
10 2 
84 50 
36 111 
42 118 
18 63 
6 32 
105 119 
30 54 
19 0 
4 38 
29 81 
41 55 
12 25 95 
45 114 83 51 
68 34 75 47 
99 77 35 87 
100 11 44 90 
69 26 73 62 
107 22 9 102 1 
64 80 49 74 113 
116 104 33 86 66 71 
57 
u120_14
 obj=   51 	 1
57 70 
82 24 
46 30 
15 47 
112 59 
43 101 
78 22 
92 66 
16 1 
76 9 
104 54 
28 93 
20 99 
4 109 
42 38 
97 21 
110 106 
84 105 
8 44 
81 10 
72 58 
69 89 
118 74 
3 94 
53 63 
49 96 
107 11 
36 65 
33 119 
50 88 
79 115 
56 68 
85 100 
2 32 
90 31 
7 75 
83 14 
37 73 
62 17 
27 29 
60 108 
116 102 13 
41 86 45 
61 52 71 
34 103 19 
98 12 113 39 
25 5 64 111 
77 55 40 48 
87 95 6 91 67 
51 35 117 18 114 80 
0 23 26 
u120_15
 obj=   49 	 1
71 90 
118 23 
50 84 
26 72 
6 92 
79 37 
114 55 
8 5 
58 85 
15 100 
40 42 
106 86 
117 101 
93 77 
64 63 
45 46 
32 27 
60 69 
33 7 
16 39 
28 51 
105 1 
4 66 
104 65 
115 80 
102 3 
41 52 
62 29 
112 22 
95 78 
0 107 
17 119 
13 73 
47 98 
70 14 
36 96 
57 68 
43 54 
11 74 
110 9 
108 75 59 30 
91 2 67 113 
53 18 89 109 
10 116 111 56 
99 35 97 20 
87 76 88 49 21 
19 83 25 81 44 
31 61 38 12 103 48 
24 82 94 34 
u120_16
 obj=   53 	 1
45 11 
57 98 
18 31 
37 4 
25 15 
59 2 
17 111 
83 114 
29 102 
90 1 
99 23 
40 28 
115 38 
44 7 
16 84 
67 94 
107 63 
110 78 
30 46 
20 3 
36 66 
81 100 
6 71 
70 61 
32 65 
112 75 
5 91 
60 77 
69 88 
39 24 
51 58 
19 56 
79 85 
68 109 
41 87 
89 80 
108 104 
117 119 
14 8 
62 9 
33 35 
86 97 
64 106 
52 22 
72 55 
95 54 
118 48 
12 96 101 105 
34 82 10 43 
50 92 27 93 
13 73 113 26 116 
53 42 103 21 76 
0 49 47 74 
u120_17
 obj=   53 	 1
24 23 
13 118 
86 39 
89 94 
97 77 
65 46 
42 66 
115 83 
45 40 
15 82 
96 59 
81 80 
58 0 
117 21 
51 73 
9 79 
87 78 
100 104 
11 52 
32 109 
90 75 
72 69 
116 6 
38 64 
95 8 
14 112 
1 88 
105 37 
10 84 
110 102 
48 101 
57 49 
56 119 
62 35 
50 4 
70 3 
30 34 
106 12 
71 5 43 
44 20 74 
28 54 
113 76 
18 19 
114 55 
26 63 
27 91 
25 61 103 
17 22 53 
47 68 60 
111 67 107 33 
92 2 7 85 
41 31 29 99 93 
98 108 36 16 
u120_18
 obj=   50 	 1
118 82 
75 9 
45 101 
102 32 
56 116 
99 6 
64 15 
58 8 
119 35 
76 29 
38 77 
93 61 
73 72 
5 22 
108 20 
31 109 
11 34 
13 60 
113 28 
81 79 
103 51 
17 41 
84 23 
104 44 
19 25 
2 106 
47 80 
90 43 
27 95 
36 62 
65 85 
52 37 
63 55 
16 54 
18 3 
42 67 
12 49 
70 10 
74 86 66 
21 112 7 
48 24 50 
46 94 33 
96 71 110 
39 91 100 88 
30 78 105 1 
97 83 53 69 
57 115 0 107 
4 68 89 98 
92 26 114 59 14 117 
87 40 111 
u120_19
 obj=   50 	 1
8 85 
81 0 
104 84 
56 16 
93 52 
20 91 
12 101 
74 31 
5 35 
97 62 
51 36 
46 106 
75 103 
102 92 
1 24 
43 86 
60 67 
13 95 
57 68 
83 48 
82 73 
78 19 
107 25 
33 32 
18 90 
96 115 
105 29 
110 4 
49 22 
98 55 
70 54 
53 71 
118 45 
64 14 
69 117 
44 50 
11 38 
59 79 
77 65 
39 41 
112 23 
3 7 109 
34 10 9 
87 6 116 15 
89 111 99 72 
114 2 88 17 
27 94 63 28 
119 100 30 61 37 
80 42 108 21 113 
47 26 58 66 76 40 