20
u120_00
 obj=   48 	 0
36 37 38 57 
39 45 99 
48 12 40 
71 84 108 
79 80 
81 86 
82 94 46 
106 17 
101 78 
73 28 
5 92 
104 44 
4 13 
26 74 
25 109 
95 29 
90 118 75 60 
33 88 113 0 
83 14 27 
117 87 15 
105 111 
47 19 6 59 
112 2 
85 35 63 
65 72 98 7 
9 119 51 49 
18 58 30 
8 116 50 34 
100 56 
68 110 
11 31 
43 55 
54 77 
67 41 
114 24 
69 62 
103 64 
89 97 
16 115 
20 66 
91 52 
53 3 
22 42 
107 1 
61 93 
76 23 
70 96 
32 21 10 102 
u120_01
 obj=   49 	 0
11 12 40 
15 16 48 
18 19 77 43 
29 83 
35 14 39 
45 63 89 
49 54 
53 70 
87 106 99 
95 7 79 
72 104 31 
74 96 56 
91 47 9 
82 8 
0 84 
116 3 
64 22 
92 30 
66 21 
76 33 
68 109 
105 90 65 
61 108 118 41 23 
44 34 
69 113 50 
27 57 
103 10 
98 114 
4 97 37 
112 71 67 100 
17 20 119 88 
62 28 6 
55 1 60 
107 25 
115 42 
110 32 
38 117 
51 111 
102 58 
80 26 
46 81 
36 59 
13 94 
24 86 
2 73 
5 78 
52 75 
101 93 
85 
u120_02
 obj=   46 	 0
10 50 
20 5 91 
49 18 
53 87 54 
102 9 65 
63 88 42 
72 73 45 
74 77 82 
90 23 
12 22 
109 113 114 119 
116 93 
37 44 
110 24 
111 96 
56 69 97 
67 107 41 39 
106 27 
98 2 
31 101 
34 51 
32 62 
104 21 81 
13 95 
43 100 
83 85 28 57 
76 59 103 75 
108 36 80 68 35 
1 26 
71 14 115 84 4 
38 25 61 
40 3 0 6 
105 66 
58 112 
8 33 
47 117 
89 11 7 
70 15 
52 46 
60 55 
86 64 
99 30 
94 48 
78 92 
29 16 
17 118 19 79 
u120_03
 obj=   49 	 0
6 10 
18 111 
26 37 
44 58 
56 60 53 
71 79 80 
72 75 109 
90 98 
99 101 
36 94 
4 114 
76 63 
67 0 59 
2 57 
119 81 66 21 
65 97 
16 78 
96 11 
42 24 117 
17 61 
73 22 62 28 
51 115 
95 46 
20 29 35 
14 68 19 13 
113 105 
41 38 
43 91 108 103 
55 50 1 
33 48 
12 102 32 
88 31 40 106 
84 118 
116 45 
9 34 
93 49 
77 100 
23 30 
27 83 
5 107 
15 69 
39 64 89 
74 8 
112 85 
52 7 
3 82 
92 86 
87 25 
47 110 104 54 70 
u120_04
 obj=   50 	 0
14 38 0 
22 29 
52 82 61 
45 51 
49 30 96 
57 68 69 101 
67 72 
73 76 89 
95 112 28 
54 5 
116 7 
33 117 
43 79 
75 59 17 
70 50 
91 77 
24 106 
20 83 
1 62 
46 23 
41 21 31 115 
47 26 
32 103 58 
114 87 
25 12 18 109 34 
93 48 
110 40 9 
88 36 64 
92 85 
11 53 
35 74 
56 107 
19 111 3 
6 4 
65 55 
98 86 
16 100 
15 84 
71 94 
113 8 
99 37 
10 27 
78 118 
80 44 
104 60 
66 102 
90 119 
42 105 
108 81 39 
2 13 97 63 
u120_05
 obj=   48 	 0
23 25 69 
26 27 117 
28 29 
36 50 
58 99 80 
70 72 74 97 
85 96 93 
88 15 
90 94 
102 11 
107 111 113 
19 44 
100 24 
118 20 49 
7 1 78 
116 42 40 
30 37 43 
112 110 
115 103 
5 51 41 
87 8 
81 61 
105 46 
64 106 83 
119 92 22 
89 56 
12 59 95 
13 35 
104 0 14 
63 62 109 84 
45 67 
3 6 76 
57 31 
34 98 
75 101 
47 82 
114 48 
73 52 
108 79 
60 33 
21 68 
10 66 
77 53 
91 38 
16 2 
86 4 
18 39 17 9 
54 71 65 32 55 
u120_06
 obj=   49 	 1
0 1 52 
13 14 41 
17 19 
10 2 
29 94 67 
28 25 
50 9 113 
47 27 
4 39 109 
59 65 
62 69 64 
79 80 21 
83 87 7 
97 8 
105 114 54 
100 86 90 
103 106 
112 23 98 
84 107 
40 93 
117 5 
34 31 
56 22 
108 55 
75 16 
72 45 
38 115 63 
111 91 42 
18 101 
46 57 95 
81 77 
88 48 
20 110 
74 96 
116 35 
70 32 
92 36 
61 37 
3 68 
119 33 
58 15 
82 44 
73 26 
76 118 6 
102 66 43 
71 53 51 
24 60 30 49 
104 89 85 11 99 
78 12 
u120_07
 obj=   50 	 1
2 11 66 
15 42 
13 16 
49 45 
34 38 118 
35 43 109 
26 48 
69 0 22 
80 81 92 
111 59 
116 102 
75 21 
28 72 
5 98 
65 27 100 
60 97 
30 86 
1 83 
105 76 
9 23 
17 41 
94 58 95 
39 119 
29 44 
51 25 82 
67 4 3 
55 108 
70 52 112 
113 114 79 
47 91 63 31 
115 53 77 68 
96 85 36 
78 33 54 
57 24 
7 110 
32 6 
19 87 
46 50 
62 14 
71 12 
10 107 
84 93 
20 104 
37 89 
61 8 
73 101 
40 74 
90 64 106 
56 99 18 88 
117 103 
u120_08
 obj=   51 	 1
3 56 7 
6 10 
13 106 
19 31 27 
32 83 16 
80 82 84 
72 117 89 
5 22 
14 24 
97 60 
101 105 
46 111 
52 44 
33 71 
112 108 
116 86 
40 45 12 
38 109 41 104 
50 87 88 90 
54 78 
18 47 
11 20 
43 25 
21 118 2 
95 37 64 
66 93 
26 107 
102 28 
99 58 
57 70 77 53 
55 1 81 
110 29 114 9 
76 8 69 
98 103 
73 48 
0 49 
36 42 
17 68 
23 85 
61 62 
4 35 
94 113 
34 51 15 
75 59 
65 39 
92 79 
74 119 
115 91 
67 96 
63 100 
30 
u120_09
 obj=   47 	 1
25 29 65 
30 54 81 
45 51 114 
26 9 
67 71 95 
74 88 49 
83 91 
97 100 69 
22 18 
107 58 
76 103 
39 12 
85 96 34 
36 46 
16 72 94 
106 98 
118 2 
78 32 
90 13 
113 31 
99 56 
86 77 
57 61 5 
66 55 116 
89 68 41 80 
33 1 
35 21 62 
44 28 53 93 
19 48 108 59 
75 111 102 119 38 84 
60 23 
79 11 37 42 6 
47 87 
110 101 
10 117 
0 7 
4 109 
40 115 
24 92 
43 104 
52 82 
63 112 
8 73 
50 64 
70 105 
14 3 15 20 
27 17 
u120_10
 obj=   52 	 0
0 1 58 93 
15 41 56 
21 35 
33 34 46 
51 101 39 
48 24 
55 57 9 
69 85 
95 86 
96 106 94 
10 40 
102 4 
107 26 
63 7 
25 81 
118 22 
105 30 
71 111 29 
75 16 88 
89 83 
114 17 
82 110 
23 61 84 
108 13 44 66 
79 87 62 
73 115 76 
3 112 
103 53 
18 117 
19 14 
90 43 
8 97 
42 67 
109 65 
72 99 
49 28 
78 64 
98 11 
74 32 
91 54 
27 50 
47 38 
37 36 
45 52 
6 100 
20 80 
68 2 
70 12 
77 31 
60 113 
104 5 
116 59 92 119 
u120_11
 obj=   49 	 0
25 49 4 
30 33 
36 97 92 
41 19 
43 26 5 
52 98 
59 14 
60 12 
63 7 
64 72 
70 61 
75 76 90 
81 83 24 
86 110 35 
94 95 116 
82 109 
40 6 
62 56 
79 21 28 
23 38 
71 68 
102 117 101 
65 89 
8 103 51 
66 119 
18 3 104 
45 50 
17 42 
112 58 
22 47 0 
106 80 
85 78 
53 77 
16 111 
100 29 
46 67 
57 99 
15 87 
9 11 
118 115 
10 39 
1 55 
34 114 
113 108 44 
107 31 32 
105 48 54 
88 27 91 
84 37 96 2 
13 69 74 93 20 73 
u120_12
 obj=   49 	 1
17 102 
20 21 37 
54 40 4 
34 81 
5 10 
57 58 
61 62 101 
63 64 79 
65 88 9 
68 22 
82 93 
80 51 
99 78 
106 112 
107 12 
116 15 
98 87 
77 45 
97 0 
118 104 
83 96 
71 18 
6 16 
114 29 
44 72 89 
53 105 47 31 
110 48 
76 85 
8 91 52 
28 50 66 95 
2 113 7 
14 119 19 
108 75 
100 25 94 
24 1 
84 74 
38 92 
117 60 
42 46 
23 35 
69 115 
3 39 
86 41 
90 36 
59 32 13 
67 27 55 
70 49 109 26 
111 11 30 73 56 
103 43 33 
u120_13
 obj=   49 	 0
2 3 
6 11 87 
13 14 
40 21 
29 4 
30 41 
37 49 62 
39 69 80 
42 32 
61 53 
65 86 100 
74 28 1 
75 113 81 
82 85 
84 90 26 
91 94 
98 116 107 
108 109 110 
117 89 
101 58 
27 23 
60 97 
76 115 
17 111 
68 34 77 64 
35 99 44 22 
16 7 
20 43 
31 59 
67 63 
18 55 
105 54 
79 46 57 
118 56 73 
15 24 
5 92 
70 8 
88 52 
72 50 
106 103 
48 112 
10 78 
36 96 
19 38 
0 119 
93 25 12 
95 45 114 71 
83 9 102 47 66 
51 104 33 
u120_14
 obj=   50 	 0
30 12 10 
7 14 
40 45 83 
41 44 51 
50 55 64 
72 74 
60 36 
66 67 68 
81 89 
90 27 
118 119 
82 47 
112 22 
11 53 
33 108 
5 25 115 
92 54 
16 9 
20 0 77 
69 94 
34 19 98 23 
15 101 
8 58 
3 96 
49 65 
2 29 
56 100 
63 102 13 
28 109 
39 117 35 80 18 114 
97 38 
85 31 
103 113 111 91 
43 70 
57 21 
46 24 
78 59 
76 93 
104 1 
4 99 
42 61 
84 86 
110 105 
107 116 
79 88 
73 37 
62 17 
75 32 
106 71 52 
95 48 87 6 26 
u120_15
 obj=   48 	 0
90 96 83 
16 22 
26 31 38 
33 39 
40 49 12 
9 13 
54 56 59 
73 0 
113 41 116 
68 36 
102 24 85 
106 27 
28 1 
104 52 
57 110 
74 91 99 
53 18 87 2 
15 42 
58 7 
78 62 
115 3 
47 51 19 
108 10 111 20 
35 97 25 81 21 
75 67 44 5 
95 119 
65 109 76 82 
105 107 
64 63 
93 101 
98 43 
32 46 
112 29 
71 23 
118 84 
50 72 
6 92 
114 37 
79 55 
8 100 
117 77 
45 69 
60 86 
4 66 
17 80 
70 14 
11 89 88 
61 30 103 48 34 94 
u120_16
 obj=   52 	 0
60 88 
23 77 27 
12 13 15 21 
17 26 74 
19 85 
6 42 113 
66 20 
73 43 79 
44 63 
70 92 103 
81 93 105 
89 22 
117 8 
29 1 
115 94 
112 58 
97 62 
118 95 
59 114 
99 28 
30 54 
39 109 
14 106 
72 52 
65 76 75 
36 61 
32 91 
68 87 
18 4 
107 3 
110 48 
80 71 49 
84 78 96 116 
9 33 
45 98 
104 108 
57 11 
37 31 
25 2 
83 111 
90 102 
40 7 
16 38 
67 46 
5 56 
69 24 
51 55 
41 100 
64 35 
86 119 
101 82 34 53 
10 50 0 47 
u120_17
 obj=   53 	 1
6 8 85 
26 27 
82 45 
40 41 43 47 
113 63 
56 74 20 
64 11 
0 96 
62 93 68 
65 79 
71 54 
69 90 
81 21 
86 94 
87 99 103 
89 101 
100 109 
102 105 
59 115 
51 78 
17 16 50 
53 29 18 
32 75 
116 88 
70 34 
42 83 
28 55 
9 104 
117 73 
60 111 7 31 
2 57 98 
67 92 108 61 
33 3 37 
107 10 36 
19 91 
13 118 
72 46 
24 23 
97 84 
15 80 
58 66 
95 52 
14 112 
38 77 
1 49 
48 39 
110 5 
44 4 
106 35 
30 12 
114 76 
25 119 
22 
u120_18
 obj=   49 	 0
16 63 
30 31 111 
32 33 34 
107 39 55 
60 62 87 
78 6 109 
74 88 10 
81 51 
91 114 19 
100 101 105 66 
118 24 
76 48 
112 73 
2 43 
36 49 
23 41 14 
119 29 
93 72 
11 28 
113 86 
102 46 
108 21 
110 97 69 98 
17 44 
104 71 40 
95 90 
96 83 80 
50 53 57 68 
45 61 
99 15 
94 0 115 4 
35 56 
5 22 
65 18 
75 82 
58 116 
64 8 
38 77 
13 20 
103 79 
84 9 
47 70 
27 106 
52 37 
42 54 
85 3 
12 67 
25 7 89 
1 92 26 59 117 
u120_19
 obj=   50 	 1
2 9 45 
22 23 37 
29 30 100 15 
46 61 66 
49 54 
62 8 
63 72 105 
75 67 
59 65 
70 79 
77 86 21 
83 19 
94 92 7 
103 51 
81 31 
107 115 
33 90 
96 55 
69 50 
53 117 
104 101 
56 108 58 
57 48 
10 68 116 40 
11 34 80 
114 39 88 
87 6 89 109 
25 28 119 113 
82 47 17 
99 111 76 52 
5 35 
43 24 
3 98 
84 74 
44 38 
93 16 
20 91 
12 0 
97 85 
1 36 
102 106 
13 95 
60 27 
78 73 
18 32 
110 4 
118 14 
64 71 
112 41 
42 26 
